127.0 204.0 25.0 117.33203125 lime_stained_glass.png
102.0 127.0 51.0 117.33203125 green_stained_glass.png
109.37109375 145.3671875 107.53125 255.0 weathered_cut_copper.png
69.40625 88.41015625 34.015625 196.23046875 azalea_leaves.png
177.8046875 177.8046875 177.8046875 128.9921875 destroy_stage_8.png
169.20703125 48.4765625 159.2109375 255.0 magenta_concrete.png
30.1265625 54.378125 55.30625 255.0 sculk_shrieker_inner_top.png
115.6484375 89.96484375 52.44140625 255.0 stripped_spruce_log.png
12.2265625 15.3671875 6.06640625 28.75 green_stained_glass_pane_top.png
15.078125 22.67578125 8.37890625 44.82421875 potatoes_stage2.png
5.203125 19.5234375 23.6953125 127.5 sculk_sensor_side.png
79.71875 153.6171875 126.4296875 255.0 oxidized_cut_copper.png
62.0078125 63.078125 61.4296875 115.546875 iron_bars.png
54.86328125 48.5234375 37.91015625 107.578125 rail_corner.png
33.609375 46.203125 17.6640625 110.56640625 oak_sapling.png
47.2265625 33.74609375 26.80859375 74.70703125 hanging_roots.png
44.79296875 2.875 14.8984375 90.64453125 crimson_roots.png
38.05859375 42.8125 26.48828125 84.66796875 pitcher_crop_bottom_stage_2.png
89.60546875 69.37890625 113.34765625 139.453125 amethyst_cluster.png
77.234375 51.1796875 35.703125 255.0 brown_terracotta.png
44.57421875 126.9765625 120.625 255.0 warped_door_top.png
30.7265625 17.375 12.96875 39.84375 lightning_rod.png
119.78125 73.2421875 42.4453125 255.0 crafting_table_top.png
49.7109375 40.1171875 56.25390625 63.75 calibrated_sculk_sensor_amethyst.png
109.81640625 47.8671875 152.359375 255.0 purple_glazed_terracotta.png
48.84375 62.07421875 38.5546875 50.80078125 oxeye_daisy.png
96.62890625 61.1328125 94.56640625 255.0 chorus_flower_dead.png
231.86328125 226.86328125 218.00390625 255.0 chiseled_quartz_block.png
189.9453125 170.4453125 164.0 195.234375 cake_top.png
178.4375 158.859375 72.75 255.0 stripped_bamboo_block_top.png
44.5390625 46.5390625 143.421875 255.0 blue_concrete.png
32.5859375 10.08203125 60.4453125 255.0 crying_obsidian.png
43.203125 114.34765625 101.2734375 255.0 warped_nylium.png
202.12890625 160.17578125 74.72265625 255.0 bee_nest_top.png
5.69140625 37.8828125 34.19140625 70.72265625 warped_roots_pot.png
53.34765625 109.66015625 110.14453125 255.0 warped_stem_top.png
197.12890625 180.44921875 133.40625 255.0 fletching_table_top.png
16.0625 45.18212890625 50.64013671875 255.0 sculk_catalyst_top_bloom.png
111.05078125 144.6796875 30.5078125 255.0 melon_top.png
158.6796875 158.6796875 158.6796875 255.0 smooth_stone.png
58.08515625 58.83828125 77.525 255.0 warped_stem.png
198.1015625 118.734375 24.4609375 255.0 pumpkin_top.png
181.30859375 97.80859375 31.4609375 255.0 red_sandstone_top.png
148.29296875 121.6953125 65.328125 255.0 dirt_path_top.png
242.0 127.0 165.0 117.33203125 pink_stained_glass.png
134.453125 107.5546875 92.515625 255.0 dripstone_block.png
66.80078125 68.21875 44.1484375 153.3984375 flowering_azalea_side.png
88.51953125 88.24609375 91.51953125 255.0 polished_basalt_side.png
88.875 66.4765625 53.3046875 111.5625 cake_side.png
207.015625 194.390625 157.1015625 255.0 birch_trapdoor.png
178.02734375 144.60546875 88.76171875 255.0 chiseled_bookshelf_top.png
83.58203125 66.51953125 57.95703125 165.3515625 pointed_dripstone_down_frustum.png
70.1875 68.98828125 68.98828125 255.0 observer_side.png
29.5390625 34.5859375 20.703125 70.72265625 pitcher_crop_bottom_stage_3.png
216.01171875 199.9453125 66.0 255.0 horn_coral_block.png
131.13671875 161.0107421875 147.484375 255.0 chain_command_block_side.png
101.03515625 48.78125 70.56640625 255.0 crimson_planks.png
26.81640625 42.796875 14.96875 80.68359375 potatoes_stage3.png
29.7890625 34.9375 50.88671875 127.5 calibrated_sculk_sensor_input_side.png
92.15234375 93.12109375 89.26953125 255.0 deepslate_copper_ore.png
21.4453125 119.21875 136.1875 255.0 cyan_concrete.png
191.55078125 167.046875 129.58984375 255.0 fletching_table_side.png
167.8828125 167.8828125 167.8828125 144.8671875 destroy_stage_9.png
167.546875 167.546875 167.546875 255.0 smooth_stone_slab_side.png
216.43359375 203.2578125 155.8359375 255.0 sandstone.png
80.328125 82.921875 78.87890625 255.0 reinforced_deepslate_top.png
125.53515625 84.84765625 53.86328125 255.0 brown_concrete_powder.png
247.26171875 237.84765625 246.66015625 20.91796875 magenta_candle.png
6.96875 13.40234375 4.328125 25.8984375 potatoes_stage1.png
106.9580078125 77.0947265625 28.3134765625 124.38720703125 campfire_fire.png
130.4921875 123.1953125 119.67578125 255.0 dead_tube_coral_block.png
25.48046875 27.78515625 15.6875 45.8203125 pitcher_crop_bottom_stage_1.png
68.4765625 57.58203125 69.6484375 255.0 structure_block_corner.png
129.9765625 100.83203125 55.671875 255.0 lectern_front.png
154.890625 154.95703125 148.1875 255.0 light_gray_concrete_powder.png
67.55859375 51.328125 35.48046875 191.25 sniffer_egg_slightly_cracked_east.png
21.43359375 9.20703125 26.07421875 28.75 magenta_stained_glass_pane_top.png
119.54296875 54.4296875 47.9921875 255.0 stripped_mangrove_log.png
148.06640625 118.90625 82.14453125 255.0 loom_front.png
66.51953125 61.49609375 63.87890625 255.0 netherite_block.png
71.0859375 16.02734375 19.9609375 108.57421875 fire_coral.png
243.80078125 243.96875 243.30859375 20.91796875 light_gray_candle.png
107.58203125 107.6484375 107.26171875 255.0 blast_furnace_front.png
44.0390625 37.6171875 43.94140625 255.0 cracked_polished_blackstone_bricks.png
166.12890625 91.00390625 51.62890625 255.0 stripped_acacia_log_top.png
195.5390625 114.82421875 24.17578125 255.0 pumpkin_side.png
178.71875 178.78125 178.71875 88.65234375 fern.png
113.53125 87.6171875 71.87109375 255.0 mycelium_side.png
85.1171875 85.1171875 85.1171875 255.0 bedrock.png
45.3046875 36.625 43.2109375 74.70703125 lilac_top.png
231.02734375 236.7109375 240.16796875 34.86328125 cornflower.png
127.21875 144.01953125 57.54296875 255.0 bamboo_block.png
162.94921875 197.66796875 55.2109375 255.0 lime_glazed_terracotta.png
235.11328125 229.8125 222.953125 255.0 quartz_pillar_top.png
165.0 165.0 165.0 180.0 water_overlay.png
12.4296875 12.09375 10.36328125 20.91796875 light_gray_candle_lit.png
69.375 57.72265625 70.625 255.0 structure_block_load.png
20.38671875 15.515625 12.28515625 33.8671875 brown_mushroom.png
3.44140625 7.59375 2.38671875 14.94140625 potatoes_stage0.png
190.203125 170.1796875 78.09375 255.0 bamboo_mosaic.png
57.5703125 150.92578125 147.77734375 255.0 stripped_warped_stem.png
92.515625 67.5625 34.234375 255.0 barrel_top_open.png
46.5546875 37.6171875 32.078125 85.6640625 pointed_dripstone_up_tip_merge.png
93.828125 93.6171875 93.828125 186.26953125 tall_grass_bottom.png
196.9921875 176.015625 118.37109375 255.0 stripped_birch_log.png
49.9765625 32.29296875 68.28125 255.0 respawn_anchor_side4.png
27.2421875 27.2421875 27.2421875 28.88671875 redstone_dust_dot.png
233.58984375 236.296875 236.7734375 255.0 white_wool.png
86.40234375 85.94921875 85.94921875 147.421875 acacia_leaves.png
76.0078125 83.2890625 42.3359375 255.0 green_terracotta.png
128.650390625 110.3359375 170.95703125 255.0 repeating_command_block_side.png
39.546875 23.8671875 62.76953125 255.0 respawn_anchor_side0.png
85.21484375 67.98046875 25.1796875 255.0 jungle_log.png
250.7109375 245.1484375 206.5 255.0 ochre_froglight_top.png
192.7265625 83.80859375 184.63671875 255.0 magenta_concrete_powder.png
160.6796875 166.4609375 179.4453125 255.0 clay.png
181.6171875 177.12109375 174.9609375 94.62890625 dead_brain_coral_fan.png
12.2265625 18.4140625 26.07421875 28.75 light_blue_stained_glass_pane_top.png
140.24609375 181.19140625 252.70703125 190.0 frosted_ice_0.png
23.6796875 29.9140625 11.44140625 63.75 small_dripleaf_top.png
39.482421875 99.80615234375 101.53369140625 124.38720703125 soul_campfire_fire.png
15.25 19.484375 7.546875 39.84375 big_dripleaf_tip.png
78.78125 63.453125 43.4375 223.125 sniffer_egg_slightly_cracked_south.png
33.37890625 40.48828125 29.90234375 81.6796875 pitcher_crop_bottom_stage_4.png
103.1640625 32.46484375 156.390625 255.0 purple_shulker_box.png
78.8515625 115.86328125 40.34765625 227.109375 cactus_side.png
119.42578125 119.88671875 123.0390625 255.0 lodestone_side.png
175.140625 141.63671875 86.453125 255.0 chiseled_bookshelf_side.png
235.78125 229.90234375 222.95703125 255.0 quartz_block_top.png
14.81640625 5.35546875 3.85546875 20.91796875 red_candle_lit.png
132.2578125 134.75390625 133.99609375 255.0 polished_andesite.png
45.9921875 16.421875 16.94140625 167.34375 sniffer_egg_very_cracked_bottom.png
123.33203125 118.72265625 111.22265625 255.0 stonecutter_top.png
121.73828125 56.3125 82.5859375 255.0 stripped_crimson_stem_top.png
37.3671875 34.86328125 42.85546875 191.25 enchanting_table_side.png
42.37890625 203.44921875 87.80078125 255.0 emerald_block.png
50.86328125 38.4921875 19.48828125 88.65234375 cocoa_stage1.png
75.7734375 64.78125 40.359375 99.609375 pitcher_crop_top.png
245.7265625 240.0546875 239.6640625 255.0 pearlescent_froglight_top.png
12.41015625 22.5078125 10.80078125 32.87109375 mangrove_propagule.png
75.328125 49.59375 23.359375 255.0 dark_oak_trapdoor.png
79.12890625 82.4921875 79.98046875 255.0 reinforced_deepslate_bottom.png
78.2265625 78.2265625 78.2265625 149.4140625 lily_pad.png
24.46875 24.7421875 11.38671875 46.81640625 cocoa_stage0.png
87.4033203125 10.696533203125 191.4232177734375 191.4232177734375 nether_portal.png
131.63671875 123.73046875 119.734375 255.0 dead_fire_coral_block.png
102.82421875 48.75 42.359375 255.0 mangrove_log_top.png
148.2421875 103.375 64.4609375 255.0 glow_item_frame.png
15.13671875 10.6171875 24.55078125 255.0 obsidian.png
109.09375 85.125 50.6875 255.0 oak_log.png
78.1875 56.1875 68.23828125 121.5234375 cherry_sapling.png
168.1328125 90.37109375 50.2265625 255.0 acacia_planks.png
66.77734375 55.2890625 35.609375 255.0 daylight_detector_side.png
32.5859375 10.08203125 60.4453125 255.0 respawn_anchor_bottom.png
107.875 81.3125 50.1640625 255.0 barrel_side.png
171.80078125 128.36328125 171.4921875 255.0 purpur_pillar_top.png
80.1328125 80.1328125 82.5859375 255.0 deepslate.png
97.01953125 40.92578125 37.1484375 223.125 mangrove_trapdoor.png
80.171875 67.58984375 44.81640625 223.125 sniffer_egg_not_cracked_north.png
33.55078125 21.9921875 52.140625 255.0 respawn_anchor_top_off.png
18.4140625 6.06640625 6.06640625 28.75 red_stained_glass_pane_top.png
116.70703125 67.421875 42.8046875 255.0 item_frame.png
131.921875 55.67578125 177.59765625 255.0 purple_concrete_powder.png
50.3203125 58.64453125 38.90234375 255.0 dried_kelp_top.png
80.578125 81.4921875 86.24609375 255.0 basalt_top.png
139.97265625 180.98828125 252.6015625 193.375 frosted_ice_1.png
150.953125 97.56640625 83.0625 255.0 bricks.png
78.54296875 78.54296875 78.54296875 143.4375 grindstone_side.png
150.90625 88.83984375 55.1640625 255.0 acacia_log_top.png
112.19921875 47.83984375 46.4375 255.0 mangrove_door_bottom.png
42.43359375 26.53125 64.54296875 255.0 respawn_anchor_side1.png
115.578125 85.421875 48.84765625 255.0 barrel_bottom.png
134.25 96.296875 67.0 255.0 dirt.png
166.28125 135.72265625 107.3984375 255.0 raw_iron_block.png
47.45703125 30.34375 66.90234375 255.0 respawn_anchor_side3.png
195.73046875 194.765625 194.765625 255.0 iron_door_bottom.png
214.56640625 152.4453125 52.90625 255.0 jack_o_lantern.png
83.58203125 66.51953125 57.95703125 165.3515625 pointed_dripstone_up_frustum.png
121.06640625 112.85546875 93.67578125 255.0 furnace_front_on.png
237.22265625 237.08984375 238.8046875 20.91796875 black_candle.png
1.093994140625 15.257080078125 15.742431640625 31.688232421875 sculk_sensor_tendril_active.png
76.9453125 81.10546875 84.9140625 255.0 gray_concrete_powder.png
161.59765625 83.87109375 37.671875 255.0 orange_terracotta.png
135.44921875 178.1328125 252.12109375 212.125 frosted_ice_3.png
33.13671875 10.34375 6.953125 59.765625 crimson_fungus.png
241.296875 146.0234375 17.91015625 129.0 honey_block_bottom.png
5.3125 6.96484375 14.70703125 20.91796875 blue_candle_lit.png
11.1015625 25.97265625 7.046875 51.796875 sunflower_back.png
202.113525390625 127.322021484375 69.284912109375 139.82666015625 fire_0.png
216.0 127.0 51.0 117.33203125 orange_stained_glass.png
89.078125 109.7265625 45.3984375 255.0 moss_block.png
142.71484375 62.16015625 53.796875 255.0 tnt_top.png
78.09765625 125.41796875 27.41015625 185.2734375 bamboo_large_leaves.png
251.05859375 185.28515625 52.52734375 191.0 honey_block_top.png
223.33203125 235.609375 216.7265625 51.796875 lily_of_the_valley.png
143.17578125 102.54296875 70.76953125 255.0 farmland.png
16.4671875 26.499609375 8.4201171875 48.1611328125 kelp.png
235.5 230.6875 224.0 255.0 quartz_pillar.png
48.09765625 16.546875 17.16796875 167.34375 sniffer_egg_not_cracked_bottom.png
68.20703125 58.5859375 26.24609375 178.30078125 rose_bush_bottom.png
18.4609375 21.53125 5.43359375 31.875 dandelion.png
124.71875 125.6875 120.046875 255.0 copper_ore.png
70.03515625 58.64453125 45.13671875 255.0 muddy_mangrove_roots_top.png
88.6640625 52.609375 23.4609375 146.42578125 cocoa_stage2.png
251.328125 251.86328125 251.94140625 20.91796875 white_candle.png
112.6875 118.9609375 69.2734375 215.15625 sea_pickle.png
17.859375 17.8203125 16.90234375 20.91796875 white_candle_lit.png
47.65234375 55.8359375 51.50390625 140.44921875 peony_bottom.png
80.07421875 69.5625 81.08984375 255.0 jigsaw_top.png
28.23046875 32.91796875 13.0078125 77.6953125 potted_azalea_bush_plant.png
15.703125 28.26953125 64.41796875 78.69140625 tube_coral_fan.png
173.7900390625 131.2236328125 106.810546875 255.0 command_block_back.png
108.05859375 109.140625 102.6328125 255.0 tuff.png
120.6171875 120.078125 120.078125 255.0 furnace_side.png
1.984375 1.984375 1.984375 2.98828125 pink_petals_stem.png
38.375 48.87109375 29.54296875 255.0 dried_kelp_side.png
109.90234375 104.71484375 96.5234375 255.0 piston_side.png
87.953125 75.37890625 57.99609375 255.0 smoker_front.png
229.2578125 244.4609375 228.109375 255.0 verdant_froglight_top.png
197.4920654296875 115.87744140625 52.6845703125 147.0172119140625 fire_1.png
15.34375 31.9609375 38.41796875 255.0 sculk_catalyst_top.png
110.37109375 109.73046875 109.73046875 255.0 furnace_top.png
10.19140625 14.8828125 2.51953125 20.91796875 lime_candle_lit.png
121.4609375 148.49609375 93.015625 82.67578125 bamboo_small_leaves.png
140.44921875 109.59375 109.59375 255.0 redstone_ore.png
107.80859375 107.4921875 107.6875 255.0 blast_furnace_side.png
65.75390625 97.2890625 33.11328125 195.234375 cactus_top.png
138.3125 179.8984375 252.3515625 199.9375 frosted_ice_2.png
58.0703125 175.046875 217.31640625 255.0 light_blue_wool.png
17.78515625 15.0625 6.1171875 20.91796875 yellow_candle_lit.png
88.734375 69.00390625 44.30859375 167.34375 sniffer_egg_not_cracked_top.png
6.55859375 8.0390625 3.578125 36.85546875 wither_rose.png
98.43359375 98.43359375 98.43359375 255.0 observer_top.png
235.78125 229.90234375 222.95703125 255.0 quartz_block_side.png
188.71875 188.453125 188.98046875 255.0 diorite.png
44.953125 28.48046875 65.921875 255.0 respawn_anchor_side2.png
245.453125 233.296875 181.88671875 255.0 ochre_froglight_side.png
112.7181332236842 136.73766447368422 99.26295230263158 75.8079769736842 tall_seagrass_top.png
22.80078125 119.9453125 121.10546875 255.0 warped_wart_block.png
46.5546875 37.6171875 32.078125 85.6640625 pointed_dripstone_down_tip_merge.png
216.55859375 215.0078125 210.296875 255.0 birch_log.png
115.650390625 110.595703125 105.498046875 255.0 blast_furnace_front_on.png
112.91015625 48.875 46.6953125 255.0 mangrove_door_top.png
174.7421875 92.93359375 59.77734375 255.0 stripped_acacia_log.png
76.6171875 51.7734375 25.265625 255.0 dark_oak_door_top.png
88.7578125 58.94921875 40.7890625 255.0 note_block.png
21.24609375 137.7265625 145.3515625 255.0 cyan_wool.png
53.9765625 48.6640625 56.8125 255.0 chiseled_polished_blackstone.png
35.06640625 53.34765625 16.171875 109.5703125 carrots_stage3.png
11.23828125 12.671875 16.2734375 55.78125 chain.png
154.77734375 147.48828125 91.96484375 255.0 orange_glazed_terracotta.png
107.01171875 117.890625 141.28125 255.0 lapis_ore.png
89.32421875 109.1875 109.23828125 255.0 sculk_catalyst_bottom.png
76.0 127.0 153.0 117.33203125 cyan_stained_glass.png
115.45703125 55.21875 79.46484375 255.0 crimson_door_bottom.png
119.4453125 85.6015625 59.3984375 255.0 coarse_dirt.png
10.84765625 8.859375 4.99609375 19.921875 torch.png
94.08984375 168.8046875 24.5 255.0 lime_concrete.png
105.671875 105.828125 105.359375 255.0 coal_ore.png
8.88671875 18.55078125 11.62890625 52.79296875 sweet_berry_bush_stage0.png
252.0703125 242.31640625 234.8203125 20.91796875 orange_candle.png
25.80859375 51.0703125 31.35546875 138.45703125 sweet_berry_bush_stage1.png
217.80859375 206.4453125 159.8125 255.0 cut_sandstone.png
22.0703125 32.4609375 17.6796875 40.83984375 pink_tulip.png
16.0234375 15.91796875 15.91796875 255.0 coal_block.png
255.0 255.0 255.0 117.33203125 white_stained_glass.png
96.44921875 59.546875 31.59765625 255.0 brown_concrete.png
117.828125 65.6640625 62.390625 255.0 nether_quartz_ore.png
129.3876953125 111.015625 176.1435546875 255.0 repeating_command_block_front.png
251.14453125 242.44140625 245.75 20.91796875 pink_candle.png
18.109375 36.4296875 12.12890625 81.6796875 carrots_stage2.png
70.49609375 50.34765625 34.34375 255.0 cartography_table_side1.png
183.33984375 141.8515625 76.125 255.0 bee_nest_front.png
65.890625 44.22265625 22.76171875 255.0 stripped_dark_oak_log_top.png
167.38671875 131.62890625 74.02734375 255.0 beehive_front_honey.png
61.203125 65.734375 24.4140625 148.41796875 cave_vines_lit.png
39.10546875 48.73828125 38.3515625 42.83203125 azure_bluet.png
240.4609375 244.046875 234.40625 11.953125 bamboo_singleleaf.png
114.3515625 146.19140625 30.21875 255.0 melon_side.png
128.0 94.7578125 62.40234375 239.0625 dirt_path_side.png
10.25 2.75 11.859375 20.91796875 purple_candle_lit.png
87.19921875 87.19921875 89.43359375 255.0 deepslate_top.png
122.48046875 132.44140625 99.92578125 207.1875 end_portal_frame_side.png
19.62890625 31.4140625 15.41796875 44.82421875 white_tulip.png
29.984375 37.78515625 15.07421875 83.671875 big_dripleaf_stem.png
16.46875 12.3984375 24.05078125 31.875 small_amethyst_bud.png
193.57421875 145.953125 163.76171875 215.15625 cherry_leaves.png
248.78125 197.9609375 39.6328125 255.0 yellow_wool.png
91.73046875 91.24609375 91.24609375 255.0 furnace_front.png
123.8984375 119.8203125 117.73046875 255.0 debug2.png
67.80078125 43.90234375 20.453125 255.0 cartography_table_side3.png
51.46875 51.12109375 10.24609375 110.56640625 acacia_sapling.png
2.9609375 7.32421875 2.63671875 16.93359375 carrots_stage0.png
28.33203125 22.65234375 19.421875 52.79296875 pointed_dripstone_up_tip.png
166.21484375 136.453125 38.125 255.0 hay_block_side.png
137.14453125 103.7734375 79.07421875 255.0 mud_bricks.png
113.484375 108.53125 137.9921875 255.0 light_blue_terracotta.png
91.1015625 120.703125 97.30078125 255.0 end_portal_frame_top.png
122.45703125 121.81640625 122.45703125 255.0 stone_bricks.png
76.19921875 60.11328125 36.01953125 255.0 loom_bottom.png
252.125 249.5390625 245.66015625 20.91796875 candle.png
178.525390625 133.111328125 105.84765625 255.0 command_block_conditional.png
8.6953125 7.296875 5.2421875 19.921875 lever.png
182.328125 88.1640625 84.0625 255.0 tnt_side.png
189.30859375 101.7578125 31.76171875 255.0 cut_red_sandstone.png
64.98046875 64.8984375 65.25 255.0 cracked_deepslate_bricks.png
79.91796875 90.796875 115.3046875 255.0 deepslate_lapis_ore.png
54.6171875 57.6171875 61.6171875 255.0 gray_concrete.png
49.59765625 57.1640625 21.45703125 143.4375 cave_vines_plant.png
76.6015625 93.89453125 90.19921875 255.0 sculk_catalyst_side.png
20.2109375 121.34375 135.08203125 255.0 cyan_shulker_box.png
30.765625 30.765625 30.765625 28.75 white_stained_glass_pane_top.png
47.0234375 44.921875 42.390625 57.7734375 end_rod.png
185.15234375 141.03125 137.265625 255.0 cherry_log_top.png
43.30859375 49.23828125 32.24609375 161.3671875 sweet_berry_bush_stage3.png
31.53515625 24.0 40.1484375 50.80078125 medium_amethyst_bud.png
236.91796875 245.3828125 250.2109375 20.91796875 light_blue_candle.png
33.93359375 50.046875 31.7734375 144.43359375 sweet_berry_bush_stage2.png
9.20703125 9.20703125 9.20703125 28.75 gray_stained_glass_pane_top.png
226.51171875 178.7265625 172.71484375 255.0 cherry_planks.png
99.76953125 172.6328125 23.0078125 255.0 lime_shulker_box.png
195.8515625 192.14453125 74.609375 255.0 sponge.png
116.6171875 71.9921875 32.3671875 255.0 composter_bottom.png
55.26953125 35.45703125 35.9609375 255.0 smithing_table_side.png
14.4921875 21.30078125 17.17578125 49.8046875 warped_fungus.png
81.92578125 106.23046875 55.6640625 140.44921875 sugar_cane.png
8.62890625 19.74609375 6.56640625 41.8359375 carrots_stage1.png
12.63671875 30.078125 6.87890625 56.77734375 sunflower_bottom.png
185.6484375 98.4140625 28.37109375 255.0 red_sandstone_bottom.png
81.6640625 61.94140625 42.2890625 255.0 cartography_table_side2.png
223.47265625 224.46484375 220.6640625 255.0 calcite.png
12.8681640625 29.953125 36.060546875 255.0 sculk.png
161.078125 125.703125 103.93359375 255.0 exposed_copper.png
68.921875 64.78125 62.60546875 132.48046875 dead_bubble_coral.png
53.2265625 48.6328125 56.74609375 255.0 polished_blackstone.png
47.60546875 24.01953125 13.58203125 92.63671875 rose_bush_top.png
207.109375 213.078125 214.07421875 255.0 white_concrete.png
54.9140625 54.80078125 55.0703125 255.0 deepslate_tiles.png
142.8515625 101.83984375 60.64453125 255.0 redstone_lamp_on.png
195.0625 193.34765625 173.90625 132.48046875 turtle_egg_slightly_cracked.png
72.4609375 72.578125 73.140625 255.0 polished_deepslate.png
166.75 66.75 53.25 255.0 tnt_bottom.png
221.0390625 164.5546875 157.66796875 255.0 stripped_cherry_log_top.png
70.171875 88.4453125 31.30859375 158.37890625 spore_blossom_base.png
72.67578125 72.29296875 78.20703125 255.0 smooth_basalt.png
78.8125 78.8125 78.8125 159.375 spruce_leaves.png
53.0546875 57.25390625 157.4921875 255.0 blue_wool.png
142.73307291666666 63.485677083333336 31.592447916666668 255.0 magma.png
181.005859375 136.0126953125 108.404296875 255.0 command_block_front.png
73.20703125 72.52734375 77.921875 255.0 basalt_side.png
190.14453125 185.578125 183.421875 93.6328125 dead_horn_coral_fan.png
93.87890625 57.09375 93.80859375 255.0 chorus_plant.png
43.05078125 104.87109375 99.140625 255.0 warped_planks.png
102.42578125 109.35546875 100.99609375 255.0 reinforced_deepslate_side.png
246.41796875 208.3203125 61.625 255.0 gold_block.png
131.93359375 127.4609375 126.50390625 255.0 gravel.png
37.21875 22.828125 16.38671875 255.0 black_terracotta.png
115.2421875 102.90625 78.16796875 255.0 deepslate_gold_ore.png
220.1953125 209.87109375 176.453125 255.0 birch_door_top.png
97.1875 119.12109375 44.56640625 255.0 green_concrete_powder.png
169.48828125 157.0625 156.11328125 255.0 repeater_on.png
199.14453125 178.3671875 84.78515625 255.0 bamboo_door_bottom.png
235.48046875 244.22265625 244.22265625 20.91796875 cyan_candle.png
200.140625 199.5625 181.34765625 132.48046875 turtle_egg.png
58.296875 54.6875 52.796875 108.57421875 dead_fire_coral.png
70.0390625 14.25 69.75 111.5625 bubble_coral_fan.png
73.40625 91.33984375 36.4921875 255.0 green_concrete.png
97.671875 96.9609375 96.9609375 255.0 dropper_front_vertical.png
160.20703125 157.125 156.05859375 255.0 repeater.png
101.8046875 124.74609375 47.56640625 255.0 azalea_top.png
114.91796875 84.84375 48.55859375 255.0 spruce_planks.png
98.55859375 97.92578125 97.92578125 255.0 dispenser_front_vertical.png
240.0546875 241.98828125 235.80078125 20.91796875 green_candle.png
76.8037109375 97.39697265625 93.4462890625 255.0 sculk_catalyst_side_bloom.png
246.64453125 237.27734375 237.046875 20.91796875 red_candle.png
160.0859375 129.6875 77.15234375 255.0 stripped_oak_log_top.png
66.67865953947368 108.36287006578948 42.78536184210526 139.71525493421052 tall_seagrass_bottom.png
161.92578125 78.27734375 78.66796875 255.0 pink_terracotta.png
111.1796875 98.578125 101.328125 255.0 mycelium_top.png
117.8046875 220.9296875 215.1171875 255.0 beacon.png
47.4375 23.703125 28.19921875 255.0 chiseled_nether_bricks.png
207.45703125 91.13671875 159.37890625 255.0 brain_coral_block.png
119.78125 118.90625 119.78125 255.0 chiseled_stone_bricks.png
77.2734375 77.2734375 80.609375 255.0 cobbled_deepslate.png
55.71484375 54.3671875 59.9375 109.5703125 peony_top.png
249.01953125 254.22265625 254.22265625 255.0 snow.png
206.96875 185.609375 84.5625 255.0 bamboo_fence_gate_particle.png
95.21484375 54.61328125 30.0625 255.0 redstone_lamp.png
48.19140625 43.62890625 44.625 89.6484375 lilac_bottom.png
43.296875 118.796875 112.40625 255.0 warped_door_bottom.png
60.1015625 57.48828125 60.62890625 255.0 mud.png
7.12890625 70.015625 84.37890625 255.0 sculk_sensor_top.png
149.9140625 117.11328125 67.515625 255.0 lectern_sides.png
12.2265625 9.20703125 6.06640625 28.75 brown_stained_glass_pane_top.png
130.9375 31.4296875 31.45703125 255.0 crimson_nylium.png
128.8125 75.265625 85.3125 255.0 enchanting_table_top.png
37.140625 93.8515625 87.70703125 200.21484375 warped_trapdoor.png
149.66796875 88.1015625 108.6796875 255.0 magenta_terracotta.png
48.26953125 42.52734375 49.7734375 255.0 polished_blackstone_bricks.png
177.12109375 163.8828125 143.08203125 143.4375 composter_ready.png
8.5390625 8.99609375 7.0 19.921875 soul_torch.png
107.46484375 105.64453125 103.69140625 255.0 smoker_bottom.png
13.4296875 26.27734375 23.3125 95.625 end_portal_frame_eye.png
50.3203125 58.64453125 38.90234375 255.0 dried_kelp_bottom.png
114.234375 71.609375 40.5859375 255.0 brown_wool.png
78.03125 63.02734375 43.20703125 223.125 sniffer_egg_slightly_cracked_north.png
231.55859375 226.57421875 217.18359375 255.0 chiseled_quartz_block_top.png
3.53125 12.0546875 11.0546875 20.91796875 cyan_candle_lit.png
127.7890625 127.3046875 127.59765625 255.0 cobblestone.png
142.1796875 119.3203125 91.8046875 255.0 loom_top.png
136.33984375 129.296875 122.76953125 255.0 iron_ore.png
55.60546875 42.93359375 38.33203125 255.0 gilded_blackstone.png
101.09375 128.55859375 46.88671875 231.09375 big_dripleaf_top.png
142.4765625 106.73046875 79.88671875 255.0 packed_mud.png
147.0390625 149.1484375 152.8046875 255.0 lodestone_top.png
157.22265625 126.36328125 75.8203125 255.0 beehive_side.png
225.7265625 227.4921875 227.83984375 255.0 white_concrete_powder.png
7.30859375 49.62890625 44.6328125 91.640625 warped_roots.png
133.3984375 148.48828125 152.50390625 255.0 debug.png
51.86328125 91.63671875 75.94921875 255.0 dark_prismarine.png
35.33984375 34.43359375 44.75 37.8515625 allium.png
43.927083333333336 37.833333333333336 34.760416666666664 105.5859375 lantern.png
139.30078125 96.921875 139.30078125 255.0 shulker_box.png
99.439453125 156.189453125 151.0751953125 255.0 prismarine.png
100.4140625 31.62109375 156.3828125 255.0 purple_concrete.png
129.6015625 161.6611328125 147.2294921875 255.0 chain_command_block_conditional.png
83.61328125 66.74609375 41.140625 255.0 mangrove_log.png
232.88671875 199.17578125 54.76953125 255.0 yellow_concrete_powder.png
171.09375 181.2109375 70.4375 255.0 wet_sponge.png
201.625 170.1640625 120.18359375 255.0 mushroom_block_inside.png
63.296875 58.8046875 27.7421875 63.75 bell_top.png
45.33203125 45.33203125 45.33203125 159.375 anvil_top.png
154.35546875 105.92578125 79.0859375 255.0 raw_copper_block.png
152.1328125 94.015625 67.71875 255.0 terracotta.png
215.078125 145.16015625 148.9453125 255.0 stripped_cherry_log.png
208.3515625 194.01953125 144.25 255.0 birch_door_bottom.png
76.41796875 68.453125 68.37890625 255.0 observer_back_on.png
118.71875 104.5703125 49.54296875 135.46875 scaffolding_side.png
108.296875 153.00390625 110.359375 255.0 weathered_copper.png
183.21484375 96.94140625 27.50390625 255.0 chiseled_red_sandstone.png
69.546875 7.0390625 9.0078125 255.0 red_nether_bricks.png
25.03125 31.8671875 43.18359375 175.3125 spawner.png
57.78515625 42.4140625 35.5625 255.0 gray_terracotta.png
235.15625 154.984375 181.5625 255.0 pink_glazed_terracotta.png
65.1171875 14.26953125 18.6875 104.58984375 fire_coral_fan.png
30.6203125 64.7625 66.0859375 255.0 sculk_shrieker_can_summon_inner_top.png
106.00390625 109.4921875 112.51953125 255.0 daylight_detector_inverted_top.png
193.37109375 173.1015625 80.47265625 255.0 stripped_bamboo_block.png
154.1015625 106.84765625 89.2265625 255.0 polished_granite.png
25.0625 25.421875 29.53515625 255.0 black_shulker_box.png
70.1171875 54.3671875 30.7578125 143.4375 ladder.png
151.43359375 121.6484375 73.015625 255.0 oak_log_top.png
57.40234375 58.88671875 70.984375 255.0 smithing_table_top.png
196.2421875 150.80859375 77.359375 255.0 bee_nest_side.png
17.40234375 8.0234375 4.47265625 25.8984375 redstone_torch.png
66.59375 57.0078125 38.1015625 191.25 sniffer_egg_slightly_cracked_west.png
46.0859375 53.578125 49.8671875 104.58984375 glow_lichen.png
84.66015625 63.7578125 41.00390625 167.34375 sniffer_egg_slightly_cracked_top.png
70.96875 70.91015625 71.2734375 255.0 deepslate_bricks.png
172.2578125 199.89375 190.08984375 255.0 sea_lantern.png
81.4140625 68.296875 45.0625 223.125 sniffer_egg_not_cracked_south.png
193.08984375 189.66796875 187.36328125 111.5625 dead_bubble_coral_fan.png
18.75 18.75 18.75 19.921875 redstone_dust_line0.png
72.83203125 56.890625 36.03515625 255.0 stripped_dark_oak_log.png
136.15234375 136.26171875 136.77734375 255.0 andesite.png
93.75390625 95.6484375 96.1328125 104.58984375 cobweb.png
25.171875 30.6640625 11.96875 63.75 potted_azalea_bush_top.png
177.189453125 133.4287109375 107.572265625 255.0 command_block_side.png
13.28125 13.28125 14.640625 83.671875 cauldron_bottom.png
55.31640625 58.8125 62.46875 255.0 gray_shulker_box.png
38.25 38.3515625 29.21484375 96.62109375 torchflower.png
34.2109375 27.49609375 37.2109375 255.0 jigsaw_bottom.png
29.802083333333332 41.1796875 47.578125 105.5859375 soul_lantern.png
228.859375 153.328125 181.0546875 255.0 pink_concrete_powder.png
216.5625 202.703125 156.53515625 255.0 suspicious_sand_1.png
17.125 10.77734375 4.95703125 59.765625 grindstone_pivot.png
216.22265625 202.984375 155.41796875 255.0 chiseled_sandstone.png
0.8828125 1.15234375 0.51953125 2.98828125 big_dripleaf_side.png
186.73046875 99.34375 29.18359375 255.0 red_sandstone.png
145.140625 133.8828125 106.53515625 255.0 gold_ore.png
230.44921875 121.84375 157.6875 255.0 pink_shulker_box.png
15.90625 20.5 7.58203125 42.83203125 small_dripleaf_stem_bottom.png
83.09765625 90.30859375 93.6484375 255.0 gray_glazed_terracotta.png
90.26171875 70.98046875 41.609375 255.0 chiseled_bookshelf_empty.png
62.62109375 53.46484375 36.5546875 191.25 sniffer_egg_very_cracked_west.png
93.78125 64.4140625 47.3125 255.0 jukebox_top.png
215.5234375 220.5390625 221.03125 255.0 white_shulker_box.png
66.6171875 65.8515625 68.19921875 255.0 hopper_outside.png
47.13671875 37.1171875 10.5390625 63.75 bell_bottom.png
17.23046875 29.0234375 20.2890625 67.734375 torchflower_crop_stage1.png
127.0 63.0 178.0 117.33203125 purple_stained_glass.png
212.3791015625 90.0025390625 18.139453125 255.0 lava_still.png
109.58984375 130.43359375 65.78515625 195.234375 cactus_bottom.png
202.265625 199.78125 198.375 78.69140625 dead_tube_coral_fan.png
2.9140625 9.91015625 6.83984375 25.8984375 torchflower_crop_stage0.png
140.41015625 31.0703125 30.04296875 255.0 red_shulker_box.png
153.0 153.0 153.0 117.33203125 light_gray_stained_glass.png
40.390625 41.6875 34.4375 51.796875 sculk_shrieker_top.png
137.3203125 57.3203125 90.05078125 255.0 stripped_crimson_stem.png
78.44140625 104.4609375 87.7890625 255.0 deepslate_emerald_ore.png
30.4296875 31.60546875 17.19921875 77.6953125 potted_flowering_azalea_bush_plant.png
36.6484375 147.9765625 157.16015625 255.0 cyan_concrete_powder.png
107.33984375 85.4609375 48.7421875 219.140625 oak_trapdoor.png
43.69140625 45.60546875 140.19921875 255.0 blue_shulker_box.png
92.6875 73.828125 49.83984375 171.328125 powered_rail.png
70.58203125 66.3984375 64.53515625 152.40234375 dead_tube_coral.png
106.32421875 66.0703125 35.96875 255.0 brown_shulker_box.png
150.16796875 84.25 17.265625 255.0 carved_pumpkin.png
67.734375 30.03515625 32.2109375 255.0 black_glazed_terracotta.png
59.625 7.37890625 5.4765625 114.55078125 weeping_vines_plant.png
217.69921875 204.33203125 159.21875 255.0 suspicious_sand_0.png
103.1875 48.2421875 79.1015625 123.515625 spore_blossom.png
135.25390625 106.8828125 97.5 255.0 light_gray_terracotta.png
220.1171875 220.0078125 220.0078125 255.0 iron_block.png
51.6953125 41.19140625 26.71484375 176.30859375 mangrove_roots_top.png
79.73828125 79.5234375 79.73828125 139.453125 grass.png
63.825520833333336 99.16514756944444 43.82378472222222 75.92447916666667 seagrass.png
104.71484375 73.30078125 74.82421875 255.0 deepslate_redstone_ore.png
125.546875 125.546875 125.546875 255.0 stone.png
213.5 101.01171875 142.8671875 255.0 pink_concrete.png
103.25 96.578125 86.91796875 255.0 acacia_log.png
20.65625 20.65625 20.65625 21.9140625 redstone_dust_line1.png
33.7208984375 50.7181640625 16.566796875 99.111328125 kelp_plant.png
61.9921875 51.21875 41.1015625 129.4921875 brewing_stand.png
99.39453125 98.56640625 100.6875 255.0 polished_basalt_top.png
82.42578125 162.66796875 132.8671875 255.0 oxidized_copper.png
112.078125 70.30859375 31.93359375 255.0 composter_side.png
22.98046875 28.54296875 14.6953125 53.7890625 mangrove_propagule_hanging.png
191.828125 146.6171875 141.69921875 219.140625 cherry_door_top.png
169.94921875 151.08984375 133.0390625 255.0 grass_block_snow.png
170.32421875 170.32421875 170.32421875 175.3125 large_fern_bottom.png
122.7421875 149.46875 91.55078125 255.0 piston_top_sticky.png
106.73046875 99.6875 94.70703125 255.0 deepslate_iron_ore.png
99.25 72.671875 87.93359375 102.59765625 pink_petals.png
131.84765625 123.54296875 119.4140625 255.0 dead_bubble_coral_block.png
214.06640625 198.8046875 151.29296875 255.0 suspicious_sand_2.png
102.0 153.0 216.0 117.33203125 light_blue_stained_glass.png
12.125 7.890625 4.23046875 20.91796875 brown_candle_lit.png
52.1015625 128.9375 124.46484375 255.0 stripped_warped_stem_top.png
208.26953125 100.41796875 191.91015625 255.0 magenta_glazed_terracotta.png
56.53125 70.96875 27.32421875 153.3984375 azalea_side.png
219.50390625 222.9375 158.33984375 255.0 end_stone.png
178.0 76.0 216.0 117.33203125 magenta_stained_glass.png
108.2890625 136.359375 115.66015625 255.0 emerald_ore.png
173.84765625 137.73828125 83.31640625 255.0 lectern_top.png
91.7578125 63.23828125 24.0625 255.0 podzol_top.png
117.015625 142.30859375 67.421875 255.0 green_glazed_terracotta.png
157.73046875 156.9296875 156.9296875 207.1875 iron_door_top.png
127.7890625 92.24609375 64.76953125 213.1640625 jungle_trapdoor.png
40.37109375 20.03515625 23.95703125 255.0 cracked_nether_bricks.png
165.34375 26.328125 162.20703125 255.0 bubble_coral_block.png
44.29296875 21.87109375 26.09765625 255.0 nether_bricks.png
240.98828125 175.41015625 21.44921875 255.0 yellow_concrete.png
21.0234375 21.0234375 21.0234375 34.86328125 melon_stem.png
47.453125 64.64453125 139.37109375 255.0 blue_glazed_terracotta.png
193.24609375 179.42578125 135.16015625 255.0 birch_log_top.png
85.484375 83.5078125 81.3046875 255.0 smoker_top.png
229.2109375 176.2265625 168.0625 255.0 target_side.png
117.09375 65.94140625 41.2421875 183.28125 acacia_door_bottom.png
84.83203125 109.53515625 27.50390625 255.0 green_wool.png
79.13671875 100.86328125 31.6796875 255.0 green_shulker_box.png
242.13671875 248.171875 235.9453125 20.91796875 lime_candle.png
14.515625 19.5 11.8828125 82.67578125 spruce_sapling.png
15.9765625 27.24609375 5.61328125 85.6640625 jungle_sapling.png
128.015625 109.5712890625 166.8681640625 255.0 repeating_command_block_back.png
62.4765625 53.98046875 63.4765625 255.0 jigsaw_side.png
210.62109375 193.046875 145.34375 255.0 suspicious_sand_3.png
1.842041015625 8.173095703125 9.613037109375 31.688232421875 sculk_sensor_tendril_inactive.png
68.52734375 68.52734375 68.52734375 255.0 anvil.png
168.19921875 54.13671875 50.625 255.0 red_concrete_powder.png
41.78515625 29.57421875 18.9765625 59.765625 pitcher_crop_side.png
56.515625 32.796875 20.65625 143.4375 pitcher_crop_bottom.png
215.68359375 202.05078125 154.19140625 255.0 sandstone_bottom.png
27.1640625 27.1640625 27.1640625 44.82421875 grass_block_side_overlay.png
138.1640625 124.44921875 59.73828125 170.33203125 bamboo_fence.png
242.73046875 236.91015625 247.1640625 20.91796875 purple_candle.png
240.65234375 118.078125 19.51171875 255.0 orange_wool.png
62.74609375 68.234375 71.5546875 255.0 gray_wool.png
94.52734375 75.45703125 65.6484375 185.2734375 pointed_dripstone_down_middle.png
54.296875 54.3203125 54.8828125 255.0 chiseled_deepslate.png
119.96875 106.24609375 85.9453125 255.0 brown_glazed_terracotta.png
248.140625 253.35546875 253.35546875 255.0 powder_snow.png
70.75 54.671875 36.76953125 191.25 sniffer_egg_not_cracked_east.png
116.08984375 167.6484375 253.015625 255.0 blue_ice.png
27.12109375 9.42578125 8.48046875 31.875 red_mushroom.png
125.03125 125.03125 115.03125 255.0 light_gray_concrete.png
49.20703125 49.015625 53.265625 255.0 hopper_inside.png
64.1875 28.0859375 23.8359375 255.0 smithing_table_bottom.png
18.60546875 10.76171875 2.1953125 20.91796875 orange_candle_lit.png
20.19921875 3.21875 3.71875 43.828125 nether_wart_stage0.png
64.55078125 60.56640625 54.96875 207.1875 campfire_log.png
168.75485229492188 168.75485229492188 168.75485229492188 180.0 water_flow.png
87.375 53.234375 45.2109375 155.390625 activator_rail_on.png
74.29296875 59.68359375 91.109375 255.0 blue_terracotta.png
55.7265625 52.7421875 50.76953125 99.609375 dead_horn_coral.png
226.3828125 170.31640625 157.8046875 255.0 target_top.png
145.71875 183.76171875 253.97265625 190.0 ice.png
74.41796875 74.45703125 76.04296875 255.0 deepslate_coal_ore.png
71.234375 71.234375 71.234375 81.6796875 stonecutter_saw.png
20.6015625 21.296875 25.6328125 255.0 black_wool.png
32.74609375 24.04296875 12.3515625 77.6953125 dead_bush.png
76.0 76.0 76.0 117.33203125 gray_stained_glass.png
125.7578125 113.2734375 53.73046875 154.39453125 bamboo_fence_gate.png
67.9609375 81.45703125 31.69140625 189.2578125 azalea_plant.png
18.25 18.3203125 18.25 32.87109375 attached_melon_stem.png
192.41796875 107.65625 79.8203125 255.0 copper_block.png
94.8125 66.48046875 58.4375 255.0 ancient_debris_top.png
209.63671875 178.03515625 161.34765625 255.0 white_terracotta.png
67.66796875 45.109375 22.3671875 255.0 dark_oak_log_top.png
87.6953125 42.78515625 61.1171875 215.15625 crimson_trapdoor.png
75.17578125 31.2421875 57.125 94.62890625 brain_coral_fan.png
144.01953125 103.5859375 76.51953125 255.0 rooted_dirt.png
154.66015625 121.75390625 101.265625 255.0 exposed_cut_copper.png
69.8876953125 106.517578125 104.548828125 255.0 soul_campfire_log_lit.png
240.85546875 146.5390625 70.8828125 255.0 shroomlight.png
122.25390625 121.76171875 121.76171875 255.0 dispenser_front.png
18.4140625 18.4140625 18.4140625 28.75 light_gray_stained_glass_pane_top.png
223.91796875 174.71875 168.375 253.0078125 cherry_door_bottom.png
181.99609375 59.58203125 53.015625 255.0 red_glazed_terracotta.png
98.1640625 237.13671875 228.12109375 255.0 diamond_block.png
115.43359375 121.125 105.140625 255.0 mossy_stone_bricks.png
79.203125 65.91015625 80.515625 255.0 structure_block_data.png
115.375 54.9609375 42.05078125 255.0 nether_gold_ore.png
153.0 51.0 51.0 117.33203125 red_stained_glass.png
65.77734375 67.078125 25.2109375 159.375 cave_vines_plant_lit.png
42.4453125 36.4609375 41.984375 255.0 blackstone_top.png
86.44921875 37.01953125 66.51171875 111.5625 brain_coral.png
155.42578125 139.3125 66.00390625 207.1875 bamboo_door_top.png
26.27734375 34.5390625 16.28125 40.83984375 orange_tulip.png
103.53515625 117.67578125 52.796875 255.0 lime_terracotta.png
5.5859375 39.71484375 34.4921875 70.72265625 twisting_vines.png
76.17626953125 23.792724609375 150.20654296875 219.59716796875 respawn_anchor_top.png
25.62890625 23.9765625 21.20703125 45.8203125 tripwire_hook.png
6.03125 15.6640625 3.29296875 30.87890625 sunflower_top.png
53.890625 7.9375 8.7734375 118.53515625 nether_wart_stage1.png
145.92578125 101.28125 72.5 255.0 loom_side.png
186.26953125 133.140625 35.36328125 255.0 yellow_terracotta.png
97.49609375 97.10546875 97.10546875 255.0 piston_inner.png
5.3857421875 33.525390625 40.0205078125 176.30859375 sculk_vein.png
112.2109375 185.1953125 25.796875 255.0 lime_wool.png
166.34765625 161.9375 159.5234375 255.0 comparator.png
21.7109375 26.98828125 10.55078125 57.7734375 potted_azalea_bush_side.png
26.07421875 15.3671875 6.06640625 28.75 orange_stained_glass_pane_top.png
126.796875 107.12890625 65.59375 255.0 grass_block_side.png
8.26953125 9.4453125 1.8046875 20.91796875 green_candle_lit.png
58.515625 54.69921875 52.890625 111.5625 dead_brain_coral.png
229.0 229.0 51.0 117.33203125 yellow_stained_glass.png
192.98046875 193.078125 194.55078125 255.0 polished_diorite.png
88.7578125 58.94921875 40.7890625 255.0 jukebox_side.png
200.19140625 46.92578125 45.01953125 255.0 red_mushroom_block.png
54.71875 33.01171875 44.3984375 255.0 cherry_log.png
175.56640625 24.78125 5.125 255.0 redstone_block.png
94.52734375 75.45703125 65.6484375 185.2734375 pointed_dripstone_up_middle.png
143.109375 61.01953125 46.90625 255.0 red_terracotta.png
103.6875 79.04296875 47.85546875 255.0 spruce_trapdoor.png
25.0 25.0 25.0 117.33203125 black_stained_glass.png
71.9453125 69.765625 69.76953125 255.0 observer_back.png
41.203125 32.7578125 21.01171875 139.453125 mangrove_roots_side.png
50.51171875 61.09765625 22.796875 142.44140625 cave_vines.png
130.009765625 157.0224609375 145.01171875 255.0 chain_command_block_back.png
21.1796875 21.1796875 21.1796875 27.31640625 tripwire.png
240.6796875 241.83203125 242.0234375 20.91796875 gray_candle.png
191.171875 106.8671875 80.56640625 255.0 cut_copper.png
161.40625 146.1484375 124.84375 143.4375 composter_compost.png
178.125 143.12109375 90.23046875 231.09375 scaffolding_top.png
141.57421875 180.01171875 250.4921875 255.0 packed_ice.png
46.6328125 16.34375 16.86328125 167.34375 sniffer_egg_slightly_cracked_bottom.png
15.3671875 7.66015625 21.43359375 28.75 purple_stained_glass_pane_top.png
51.0 76.0 178.0 117.33203125 blue_stained_glass.png
122.4453125 121.953125 121.953125 255.0 dropper_front.png
116.2734375 92.4453125 80.4765625 229.1015625 pointed_dripstone_down_base.png
79.734375 88.9609375 48.73828125 204.19921875 flowering_azalea_leaves.png
103.4765625 87.4453125 67.2265625 255.0 cartography_table_top.png
83.87109375 12.41015625 82.97265625 132.48046875 bubble_coral.png
2.3671875 18.3046875 16.1484375 30.87890625 nether_sprouts.png
69.48046875 11.3125 11.875 159.375 nether_wart_stage2.png
120.66015625 68.48046875 43.63671875 183.28125 acacia_door_top.png
59.96484375 50.81640625 43.90234375 143.4375 stonecutter_side.png
74.984375 59.6640625 41.37890625 223.125 sniffer_egg_very_cracked_north.png
81.38671875 62.16015625 50.703125 255.0 soul_sand.png
160.96875 39.3203125 34.640625 255.0 red_wool.png
74.99609375 63.91796875 55.13671875 155.390625 detector_rail.png
17.92578125 17.92578125 17.92578125 32.87109375 attached_pumpkin_stem.png
248.890625 248.890625 248.890625 10.921875 destroy_stage_1.png
105.46484375 105.55859375 105.46484375 178.30078125 dark_oak_leaves.png
142.03125 142.1640625 134.6015625 255.0 light_gray_wool.png
129.234375 105.55859375 70.3359375 255.0 crafting_table_front.png
78.765625 58.6484375 38.35546875 167.34375 sniffer_egg_very_cracked_top.png
117.953125 54.08203125 48.6640625 255.0 mangrove_planks.png
144.2578125 166.0625 167.953125 255.0 light_gray_glazed_terracotta.png
114.44921875 54.96484375 79.11328125 255.0 crimson_door_top.png
109.03515625 43.578125 43.30859375 255.0 stripped_mangrove_log_top.png
114.80859375 2.921875 2.15625 255.0 nether_wart_block.png
102.0 76.0 51.0 117.33203125 brown_stained_glass.png
96.91015625 96.84765625 96.91015625 171.328125 oak_leaves.png
72.60546875 61.94140625 59.51953125 255.0 warped_nylium_side.png
149.3359375 111.7890625 81.45703125 255.0 brown_mushroom_block.png
190.67578125 102.95703125 33.17578125 255.0 red_sand.png
234.09765625 106.41796875 8.74609375 255.0 orange_shulker_box.png
175.67578125 160.0546875 157.8046875 255.0 comparator_on.png
5.73046875 13.26171875 16.55078125 20.91796875 light_blue_candle_lit.png
70.23828125 73.265625 166.83203125 255.0 blue_concrete_powder.png
193.37109375 173.1015625 80.47265625 255.0 bamboo_planks.png
164.5625 148.49609375 70.66796875 211.171875 bamboo_trapdoor.png
90.49609375 82.31640625 39.72265625 138.45703125 wheat_stage7.png
116.2734375 92.4453125 80.4765625 229.1015625 pointed_dripstone_up_base.png
31.7646484375 217.6219482421875 223.6253662109375 139.82666015625 soul_fire_1.png
160.53515625 127.17578125 87.8359375 255.0 bee_nest_bottom.png
19.02734375 25.984375 7.69140625 48.80859375 red_tulip.png
7.82421875 16.28125 4.8359375 29.8828125 beetroots_stage1.png
95.72265625 63.7421875 55.8671875 255.0 ancient_debris_side.png
248.03515625 188.99609375 29.421875 255.0 yellow_shulker_box.png
88.8828125 74.36328125 90.0703125 255.0 structure_block.png
162.203125 130.8203125 78.62890625 255.0 oak_planks.png
3.84375 8.05859375 2.40234375 14.94140625 beetroots_stage0.png
235.5 224.98046875 228.515625 255.0 pearlescent_froglight_side.png
177.45703125 144.1015625 86.05078125 255.0 stripped_oak_log.png
30.928955078125 215.6787109375 221.6473388671875 147.0172119140625 soul_fire_0.png
31.3203125 2.0234375 10.2421875 59.7890625 crimson_roots_pot.png
69.8828125 65.5703125 18.3203125 125.5078125 wheat_stage6.png
34.875 30.09375 27.45703125 56.77734375 frogspawn.png
1.6875 2.0 0.765625 3.984375 small_dripleaf_side.png
81.94140625 44.46875 15.49609375 255.0 farmland_moist.png
103.625 103.359375 103.359375 255.0 observer_front.png
66.66015625 43.09765625 20.21875 255.0 dark_oak_planks.png
170.56640625 166.77734375 164.97265625 104.58984375 dead_fire_coral_fan.png
67.65625 58.94140625 38.94921875 191.25 sniffer_egg_not_cracked_west.png
110.859375 88.4482421875 54.435546875 255.0 campfire_log_lit.png
189.73046875 187.57421875 167.640625 132.48046875 turtle_egg_very_cracked.png
107.4609375 106.48046875 106.48046875 211.171875 mangrove_leaves.png
28.69140625 29.9296875 17.51171875 63.75 potted_flowering_azalea_bush_top.png
58.83203125 37.6640625 16.91015625 255.0 spruce_log.png
171.765625 131.18359375 84.30078125 255.0 glowstone.png
99.25 171.625 158.4296875 255.0 prismarine_bricks.png
21.0703125 21.078125 21.0703125 34.86328125 pumpkin_stem.png
25.296875 26.7421875 31.9765625 255.0 black_concrete_powder.png
163.70703125 35.1640625 46.87109375 255.0 fire_coral_block.png
207.47802734375 91.77294921875 19.80908203125 255.0 lava_flow.png
189.54296875 68.765625 179.91796875 255.0 magenta_wool.png
110.109375 118.5 94.9375 255.0 mossy_cobblestone.png
112.69140625 49.58203125 70.1328125 255.0 crimson_stem_top.png
252.703125 252.703125 252.703125 4.96875 destroy_stage_0.png
243.9296875 243.9296875 243.9296875 18.859375 destroy_stage_2.png
6.06640625 9.20703125 21.43359375 28.75 blue_stained_glass_pane_top.png
255.0 255.0 255.0 255.0 lightning_rod_on.png
49.97265625 39.953125 10.9921875 51.796875 sunflower_front.png
165.86328125 122.984375 81.85546875 255.0 stripped_jungle_log_top.png
102.515625 47.796875 24.9453125 195.234375 cake_bottom.png
105.875 80.2578125 46.56640625 255.0 stripped_spruce_log_top.png
73.48828125 49.16015625 23.97265625 255.0 dark_oak_door_bottom.png
27.625 27.625 6.06640625 28.75 yellow_stained_glass_pane_top.png
27.53515625 79.3828125 100.58984375 255.0 calibrated_sculk_sensor_top.png
169.91796875 125.91796875 169.6796875 255.0 purpur_block.png
160.44140625 115.19140625 80.79296875 255.0 jungle_planks.png
81.68359375 72.703125 24.51171875 99.609375 horn_coral.png
229.44921875 225.91015625 207.796875 255.0 bone_block_side.png
237.9140625 141.37890625 172.3515625 255.0 pink_wool.png
75.6328125 67.1953125 22.41015625 93.6328125 horn_coral_fan.png
119.97265625 66.765625 39.25390625 195.234375 acacia_trapdoor.png
30.6484375 67.37109375 140.109375 255.0 lapis_block.png
7.08984375 47.80078125 42.9140625 89.6484375 twisting_vines_plant.png
130.55078125 116.24609375 94.5703125 255.0 daylight_detector_top.png
36.984375 47.625 35.48828125 65.7421875 pitcher_crop_top_stage_3.png
134.515625 100.5390625 58.49609375 255.0 barrel_top.png
118.109375 117.75 118.078125 255.0 stonecutter_bottom.png
7.921875 5.46484375 3.41015625 19.921875 redstone_torch_off.png
13.0078125 27.92578125 33.77734375 255.0 sculk_shrieker_bottom.png
11.453125 41.0078125 5.65234375 78.69140625 wheat_stage4.png
24.84765625 25.73046875 15.7734375 57.7734375 potted_flowering_azalea_bush_side.png
97.58203125 38.4140625 38.4140625 255.0 netherrack.png
49.20703125 49.015625 53.265625 255.0 cauldron_inner.png
49.13671875 38.5390625 61.8046875 77.6953125 large_amethyst_bud.png
23.88671875 44.9921875 13.55078125 87.65625 beetroots_stage2.png
140.14453125 149.81640625 151.11328125 64.74609375 glass.png
42.19921875 41.5859375 13.7421875 115.546875 beetroots_stage3.png
56.9296875 76.609375 72.3125 193.2421875 sculk_shrieker_side.png
25.88671875 52.43359375 7.56640625 103.59375 wheat_stage5.png
147.43359375 147.43359375 147.43359375 255.0 grass_block_top.png
151.3359375 120.96875 151.7578125 255.0 chorus_flower.png
109.0234375 107.19140625 99.84375 177.3046875 jungle_leaves.png
221.69921875 169.28515625 46.86328125 255.0 raw_gold_block.png
191.16015625 171.78125 116.390625 255.0 stripped_birch_log_top.png
52.25 118.71875 125.33203125 255.0 cyan_glazed_terracotta.png
26.27734375 38.96875 13.23046875 109.5703125 dark_oak_sapling.png
111.5703125 192.0 91.63671875 180.0 slime_block.png
116.5078125 105.88671875 105.88671875 255.0 brewing_stand_base.png
9.20703125 15.3671875 18.4140625 28.75 cyan_stained_glass_pane_top.png
124.33203125 117.51953125 114.17578125 255.0 dead_brain_coral_block.png
219.15625 207.22265625 163.09765625 255.0 sand.png
118.4453125 70.26953125 86.08984375 255.0 purple_terracotta.png
206.96875 185.609375 84.5625 255.0 bamboo_fence_particle.png
94.54296875 164.6171875 208.921875 255.0 light_blue_glazed_terracotta.png
93.6328125 144.46484375 19.5 255.0 bamboo_stalk.png
15.13671875 10.6171875 24.55078125 255.0 enchanting_table_bottom.png
106.4765625 80.453125 48.65625 255.0 spruce_door_top.png
238.1875 238.1875 238.1875 28.78125 destroy_stage_3.png
58.41015625 37.1484375 26.48828125 111.5625 cake_inner.png
114.2734375 90.0390625 53.67578125 207.1875 oak_door_top.png
15.3671875 24.57421875 3.015625 28.75 lime_stained_glass_pane_top.png
195.375 195.375 195.375 100.21875 destroy_stage_7.png
68.36328125 58.7421875 48.41015625 255.0 muddy_mangrove_roots_side.png
83.34765625 106.42578125 106.9375 255.0 deepslate_diamond_ore.png
86.71484375 91.01171875 91.00390625 255.0 cyan_terracotta.png
118.7734375 97.16796875 66.91927083333333 255.0 smoker_front_on.png
60.39453125 46.55859375 26.15625 255.0 dark_oak_log.png
243.234375 239.828125 237.44921875 20.91796875 brown_candle.png
66.20703125 66.20703125 66.20703125 145.4296875 vine.png
171.76953125 129.5 171.578125 255.0 purpur_pillar.png
158.14453125 113.60546875 78.75 255.0 jungle_door_bottom.png
74.28125 180.73046875 213.36328125 255.0 light_blue_concrete_powder.png
203.19921875 196.640625 185.6015625 255.0 mushroom_stem.png
45.20703125 45.12890625 45.12890625 159.375 damaged_anvil_top.png
132.4697265625 165.4189453125 150.623046875 255.0 chain_command_block_front.png
42.2109375 35.5 40.734375 255.0 blackstone.png
48.9765625 61.57421875 30.44140625 97.6171875 birch_sapling.png
251.2265625 247.59765625 238.19921875 20.91796875 yellow_candle.png
56.51171875 37.34765625 38.52734375 255.0 smithing_table_front.png
12.5390625 9.4453125 15.7109375 255.0 dragon_egg.png
227.28125 131.859375 31.91015625 255.0 orange_concrete_powder.png
210.2109375 186.7421875 166.0234375 111.5625 composter_top.png
234.34765625 192.3203125 88.7109375 255.0 yellow_glazed_terracotta.png
28.33203125 22.65234375 19.421875 52.79296875 pointed_dripstone_down_tip.png
121.875 42.2109375 172.5078125 255.0 purple_wool.png
129.7578125 125.09375 124.140625 255.0 suspicious_gravel_0.png
0.35546875 7.9765625 0.49609375 15.9375 wheat_stage1.png
53.2578125 53.2578125 53.2578125 95.625 grindstone_round.png
250.71875 188.4375 57.91015625 189.0 honey_block_side.png
218.44921875 224.03515625 162.2109375 255.0 end_stone_bricks.png
229.34765625 148.41015625 29.5390625 255.0 honeycomb_block.png
70.72265625 62.81640625 49.81640625 143.4375 rail.png
108.80859375 80.37890625 46.828125 255.0 spruce_log_top.png
149.5625 109.3125 70.64453125 255.0 jungle_log_top.png
223.83984375 214.19921875 170.3359375 255.0 sandstone_top.png
8.12890625 27.9296875 28.921875 43.828125 blue_orchid.png
19.296875 17.265625 14.234375 20.91796875 candle_lit.png
3.015625 3.015625 3.015625 28.75 black_stained_glass_pane_top.png
159.23046875 128.07421875 77.58203125 255.0 beehive_front.png
165.95703125 139.12109375 12.4375 255.0 hay_block_top.png
83.76171875 62.90625 54.25390625 155.390625 detector_rail_on.png
92.7953125 25.578125 29.84375 255.0 crimson_stem.png
188.5 212.49609375 202.89453125 255.0 white_glazed_terracotta.png
138.7265625 108.140625 62.3828125 255.0 oak_door_bottom.png
236.84375 230.375 223.90625 255.0 quartz_block_bottom.png
180.54296875 146.09765625 90.26953125 255.0 beehive_end.png
57.25390625 51.9453125 21.9375 57.7734375 bell_side.png
0.234375 3.4921875 0.42578125 6.97265625 wheat_stage0.png
128.54296875 123.8359375 122.984375 255.0 suspicious_gravel_1.png
80.9140625 80.25390625 81.01953125 255.0 blast_furnace_top.png
9.71875 10.0234375 8.890625 20.91796875 gray_candle_lit.png
224.34375 212.78515625 164.2265625 111.5625 scaffolding_bottom.png
13.0078125 27.92578125 33.77734375 255.0 sculk_sensor_bottom.png
107.24609375 26.9296875 26.6640625 255.0 crimson_nylium_side.png
125.38671875 189.2734375 41.90625 255.0 lime_concrete_powder.png
74.1328125 73.3671875 74.6796875 255.0 cauldron_side.png
133.609375 126.22265625 122.2890625 255.0 dead_horn_coral_block.png
19.18359375 11.7578125 5.40625 34.86328125 poppy.png
139.109375 141.78125 62.46875 255.0 bamboo_block_top.png
102.671875 91.67578125 75.95703125 255.0 smoker_side.png
74.25 60.0546875 41.80078125 223.125 sniffer_egg_very_cracked_south.png
105.8671875 80.3828125 48.86328125 255.0 spruce_door_bottom.png
52.62890625 52.51171875 52.74609375 255.0 cracked_deepslate_tiles.png
201.35546875 190.140625 175.1484375 143.4375 conduit.png
64.4921875 48.6875 34.1484375 191.25 sniffer_egg_very_cracked_east.png
177.08642578125 177.08642578125 177.08642578125 180.0 water_still.png
171.48828125 132.8359375 84.58203125 255.0 stripped_jungle_log.png
44.95703125 44.32421875 45.171875 155.390625 cauldron_top.png
43.50390625 38.9375 45.578125 131.09375 tinted_glass.png
153.18359375 127.5703125 85.171875 255.0 piston_top.png
209.8203125 206.21484375 179.40234375 255.0 bone_block_top.png
212.96875 212.96875 212.96875 70.453125 destroy_stage_6.png
49.296875 163.86328125 212.12890625 255.0 light_blue_shulker_box.png
97.0859375 96.6015625 96.6015625 255.0 piston_bottom.png
173.31640625 155.06640625 111.09375 255.0 fletching_table_front.png
149.4296875 103.2421875 85.97265625 255.0 granite.png
230.5390625 230.5390625 230.5390625 41.6796875 destroy_stage_4.png
45.0 38.16015625 47.40625 255.0 jigsaw_lock.png
70.08203125 53.140625 45.29296875 155.390625 activator_rail.png
121.33203125 94.15625 69.984375 255.0 chiseled_bookshelf_occupied.png
45.58984375 45.51953125 45.51953125 159.375 chipped_anvil_top.png
24.24609375 13.3984375 10.43359375 49.8046875 flower_pot.png
132.41796875 96.19140625 186.765625 255.0 budding_amethyst.png
35.59765625 137.0390625 198.9140625 255.0 light_blue_concrete.png
128.578125 102.6171875 63.19921875 255.0 crafting_table_side.png
73.46875 72.6953125 73.30078125 143.4375 birch_leaves.png
49.125 87.125 206.640625 255.0 tube_coral_block.png
124.1875 119.05078125 118.2734375 255.0 suspicious_gravel_3.png
103.7421875 73.88671875 49.78515625 171.328125 powered_rail_on.png
11.4375 0.140625 0.0 27.890625 weeping_vines.png
6.06640625 3.98046875 4.25 20.91796875 black_candle_lit.png
0.87109375 17.19140625 1.62890625 32.87109375 wheat_stage2.png
162.5546875 120.9609375 74.3046875 255.0 lectern_base.png
238.76171875 240.34765625 247.29296875 20.91796875 blue_candle.png
127.3134765625 109.140625 171.546875 255.0 repeating_command_block_conditional.png
133.78515625 97.984375 191.25390625 255.0 amethyst_block.png
142.3828125 32.8125 32.8125 255.0 red_concrete.png
53.15625 52.53125 53.15625 89.6484375 tall_grass_top.png
234.7109375 229.17578125 221.76171875 255.0 quartz_bricks.png
0.0 0.0 0.0 0.0 redstone_dust_overlay.png
118.32421875 117.66015625 118.32421875 255.0 cracked_stone_bricks.png
112.01953125 121.9453125 64.22265625 255.0 flowering_azalea_top.png
21.28125 26.26953125 27.1640625 31.875 glass_pane_top.png
46.1875 45.359375 46.046875 155.390625 hopper_top.png
122.50390625 87.6953125 57.015625 255.0 podzol_side.png
29.171875 15.3671875 19.96484375 28.75 pink_stained_glass_pane_top.png
2.38671875 29.640625 3.015625 57.7734375 wheat_stage3.png
8.40234375 10.40234375 15.40234375 255.0 black_concrete.png
124.41796875 124.41796875 115.4140625 255.0 light_gray_shulker_box.png
17.87890625 10.74609375 12.359375 20.91796875 pink_candle_lit.png
28.47265625 49.86328125 117.78125 152.40234375 tube_coral.png
126.03515625 120.953125 120.140625 255.0 suspicious_gravel_2.png
56.75 67.1640625 87.8984375 118.53515625 pitcher_crop_top_stage_4.png
224.34375 97.13671875 0.6328125 255.0 orange_concrete.png
117.4296875 94.56640625 59.8203125 255.0 bookshelf.png
194.60546875 153.4765625 148.15625 219.140625 cherry_trapdoor.png
13.2890625 16.58984375 6.34765625 34.86328125 small_dripleaf_stem_top.png
194.96875 151.92578125 75.54296875 255.0 bee_nest_front_honey.png
86.4453125 71.54296875 87.5703125 255.0 structure_block_save.png
174.4375 173.796875 173.796875 219.140625 iron_trapdoor.png
144.3984375 105.6484375 74.73828125 225.1171875 jungle_door_top.png
211.2109375 234.64453125 208.25 255.0 verdant_froglight_side.png
214.77734375 215.41796875 201.35546875 54.78515625 bamboo_stage0.png
192.46875 175.29296875 121.2421875 255.0 birch_planks.png
173.85546875 54.078125 163.5703125 255.0 magenta_shulker_box.png
75.77734375 57.53515625 46.640625 255.0 soul_soil.png
14.96875 5.7265625 13.2734375 20.91796875 magenta_candle_lit.png
222.1328125 222.1328125 222.1328125 55.5703125 destroy_stage_5.png
50.8359375 51.08203125 50.8359375 103.59375 large_fern_top.png
121.23828125 141.25390625 140.671875 255.0 diamond_ore.png
